8 21 36 0.2
0		0		877		168		378		570		651		620.5		305		877
0		0.1745329		793		161		354		558		677		628		344		1685
0		0.3490659		713		185		364		533		669		651		438		1563
0		0.5235988		618		171		386		544		646		666		528		919.5
0		0.6981317		578		147		372		570		659		696		1169		810
0		0.8726646		593		156		353		561		681		755		2069		743
0		1.047198		590		174		353		543.5		681		816		859		638.5
0		1.221730		556		178		377		537		657		874.5		628		571
0		1.396263		546		152		382		565		653		1204		587		593
0		1.570796		564		143		365		574		671		1517		527		603
0		1.745329		587		155		352		562		714		940		416		587
0		1.919862		579		179		358		542		753		807		297		564
0		2.094395		561		180		374.5		542		791		749		278		560
0		2.268928		542		157		384		561		833		674		293		579
0		2.443461		567		144		364.5		579		1201		630		262		598
0		2.617994		584		166		356		559		1657		637		247		571
0		2.792527		553		178		380		573		1033		643		280		558
0		2.96706		546		151		386		643		856		620		283		589
0		3.141593		577		150		364		698		809		616		252		593
0		3.316126		581		182		361		735		753		642		245		563
0		3.490659		550		176		388		1041.5		682		636		285		563.5
0		3.665191		559		151		390		1507		662		612		265		597
0		3.839724		568		185		429		938		664		640		263		558
0		4.014257		561		153		477		774		657		611		268		598
0		4.18879		591		172		505		697.5		680		628		241		577
0		4.363323		556		188		559		627		648		635		280		565
0		4.537856		578		195		775		609		664		611		254		601
0		4.712389		584		276		1117.5		546		668		640		254.5		565
0		4.886922		556		321		737		559		643		626		287		584
0		5.061455		595		370		574		572		672		615		253		601
0		5.235988		660.5		759		537		537		663.5		642		261		568
0		5.410521		714		1808		508		560		641		625		289		592.5
0		5.585054		802		743		420		559		676		625		249		609
0		5.759587		1049		399		384		535		654		645		275.5		632
0		5.93412		1961		285		377		571		650		618		280		734
0		6.108652		1346		242		361		542		674		639		256.5		767
0.01		0		903		184		359		565		674		623		301		912
0.01		0.1745329		819		188		377		532		655		647		406.5		967
0.01		0.3490659		766		149		371.5		570		660		624		483		1006
0.01		0.5235988		717		175		354		543.5		679		679		553		924
0.01		0.6981317		582		172		382		542		648		760		684		851
0.01		0.8726646		582		148		360		570		672		801		762		811
0.01		1.047198		580		183		363		535		672		863		713		659
0.01		1.221730		547		162		382		553		650		895		686		592
0.01		1.396263		590		154		352		565		684		939		656.5		596
0.01		1.570796		561		180		370		539		667.5		989		698		564
0.01		1.745329		558		144		372.5		575		713		890		562.5		602
0.01		1.919862		585		168.5		358		551		793		834		323		574
0.01		2.094395		544		163.5		382		554		817		773		298		573
0.01		2.268928		583		148.5		357		573		893		698.5		255		594
0.01		2.443461		561		179		371		545		948		667		272		559
0.01		2.617994		556		144		375		584		1019		619		272		596
0.01		2.792527		581		174		361		595		961		640		248		567
0.01		2.96706		543		156		384		664		879		625		287.5		579
0.01		3.141593		585		161		358		717		845		627		244		578
0.01		3.316126		545		167		387		775.5		770		631		286		570
0.01		3.490659		581		153		367		859		737		615		248		592.5
0.01		3.665191		579		183		378		909		681		641		252		559.5
0.01		3.839724		549		170		462		845		648		630		284		572
0.01		4.014257		563		152		520		802		658		612		268		598
0.01		4.18879		592		168		551		735		680		624		242		580
0.01		4.363323		564.5		196		600		669		655		638		272		562
0.01		4.537856		563		232		640		640		652		612		274		601
0.01		4.712389		595		314		682		566		677		625		244		584
0.01		4.886922		559		372		662		548		645		633		287		572
0.01		5.061455		562		414		634		568		643		620		286		596
0.01		5.235988		690		479		592		575		660		613		262		606
0.01		5.410521		795		595		554		552		676		631		249		585.5
0.01		5.585054		850		506		485		537		652		642.5		276		599
0.01		5.759587		921		409		404		555		642		628		292		702.5
0.01		5.93412		1008		326		377		572		657		617		275		797
0.01		6.108652		995		267		357		558		676		627		257		841
0.02		0		887		228		384		537		650		644		328		903
0.02		0.1745329		856		157		380		566.5		647		624		450		942.5
0.02		0.3490659		841		150		360		566		670		624		525		946
0.02		0.5235988		767		182		357		537		674		681		579		912
0.02		0.6981317		587.5		172		384		545		648.5		781		640		890
0.02		0.8726646		572		146		369		571		664		845		651		851
0.02		1.047198		592		162		353		553		681		888		632		697
0.02		1.221730		572		181		363.5		537		669		914		666		575
0.02		1.396263		546		162		381		554		652		909		755		581
0.02		1.570796		565		144		369		574		673.5		905		762		602
0.02		1.745329		587		160		354		558		741		885		561		584
0.02		1.919862		571		179		361		541		826		869		350		561
0.02		2.094395		550.5		175		378		546		868.5		822		297		563
0.02		2.268928		542		162		384		557		897		741		292		573
0.02		2.443461		543		151		384		571		920		648		287		589
0.02		2.617994		561		145		368		584		947		620		267		597
0.02		2.792527		585		156		356		612		935		626		246		582
0.02		2.96706		579		179		362		681.5		910		643		251		562
0.02		3.141593		554		177		383.5		744		866		640		279.5		560
0.02		3.316126		547		153		385.5		806		818		620		281.5		588
0.02		3.490659		582.5		153		364		839		759.5		617		249		593
0.02		3.665191		582		184		375		840		686		641		248.5		563
0.02		3.839724		550		173		461		821		648		631		285		569
0.02		4.014257		555		156		561		817.5		650		616		279		594.5
0.02		4.18879		569		154		601		795		660		612		266		600
0.02		4.363323		584		166		614		750		670		613		251		599
0.02		4.537856		594		247		624		654		678		617		247		595
0.02		4.712389		595		369		640		571		677		624		245		586
0.02		4.886922		593		429.5		628		547		673		639		249		573
0.02		5.061455		580		448		632		540		660		641		265		568
0.02		5.235988		687		449		647		552		642		628		290		583
0.02		5.410521		816		458		616		574		648		617		282		608
0.02		5.585054		882		422		498		573		657		616		270		632
0.02		5.759587		915		393		385		572		664.5		618		263		743
0.02		5.93412		944		360		362		567		675		622		257		849
0.02		6.108652		925		297		357		559		676		627		256		889.5
0.03		0		908		213		356		550		677		634.5		290		925
0.03		0.1745329		900		184		358		540		675		642		427		916
0.03		0.3490659		861		185		363		534		667		651		556		903
0.03		0.5235988		727		184		375		534		659		681		621		901
0.03		0.6981317		585		174		382		542		648		770		647		898
0.03		0.8726646		557		151		375		566		651		866		644		856
0.03		1.047198		584		149		356		567		675		899		622		714
0.03		1.221730		584		181		358		540		677		925		653.5		581
0.03		1.396263		547		159		384		555		652		909		749		582
0.03		1.570796		568		144		364		574		676		894		721.5		602
0.03		1.745329		588		161		352		557		730		892		529		583
0.03		1.919862		571.5		180		363		541		835		889		357		561
0.03		2.094395		544		163		385		554		891		843.5		308		574
0.03		2.268928		558		144		372		578		927		739		274		598
0.03		2.443461		585		162		354		562		950		656		247		580
0.03		2.617994		566		180		370		550		935		647		267		558
0.03		2.792527		543		166		386		595		907		634		289		571
0.03		2.96706		555		146		378.5		718		901		616		271.5		597
0.03		3.141593		586		157		359		781		906		623		244		584
0.03		3.316126		573		181		366		804		857		643		255		558
0.03		3.490659		546		169.5		386		828		732		632.5		286		569
0.03		3.665191		559		149		390		849		671		613		269		597
0.03		3.839724		589		161		418		829		682		622		242		585
0.03		4.014257		572		185		540		799		662		641		263		562
0.03		4.18879		552		161.5		621		803		647		619.5		284		586
0.03		4.363323		592		175		623		757.5		679		618		244		592
0.03		4.537856		580		261		637		617		666		640		259		564
0.03		4.712389		554		389		645		563		644		631		286		576
0.03		4.886922		568		430		630		577		653		614		268		603
0.03		5.061455		598		457		626		560		676		625		246		587
0.03		5.235988		703		470		655		539		655		641		270		568
0.03		5.410521		850.5		443		627		572		646.5		619		284		604
0.03		5.585054		933		428		457		557		676		627		250		616.5
0.03		5.759587		921		436		390		536		654		644		277		698
0.03		5.93412		910		385		382		570		647		619		284		869
0.03		6.108652		919		324		361		559		677		627		257		920
0.04		0		868.5		212		385		543		644.5		638		323		913
0.04		0.1745329		869		157		380		571		652		623		426		931
0.04		0.3490659		846		151		366		570		667		625		549		919
0.04		0.5235988		729		170		354		548		679		665		598		897
0.04		0.6981317		608		183		366		535		664.5		742		621		880
0.04		0.8726646		557		170		381		546		649		847.5		634		834
0.04		1.047198		553		150		380		568		652		892		627		715
0.04		1.221730		581		148		360		569		675		899		629		615
0.04		1.396263		586		174		354		544		681		907.5		659		574
0.04		1.570796		551		173		379		541		663		901		667		567
0.04		1.745329		556		145		375		575		696		875		515.5		601
0.04		1.919862		587		154		358		565		820		873		346		589
0.04		2.094395		568		178		365		543		905		855		287		562
0.04		2.268928		543		156		382		560		923		740		292		579
0.04		2.443461		569		144		363		578		941		639		261		598
0.04		2.617994		584		170		360		558.5		940		641		248		569.5
0.04		2.792527		553.5		178		378		575		907.5		644		277		558
0.04		2.96706		544		154		382		690		891		622		286		584.5
0.04		3.141593		565		147		370		793		891		615		264		597
0.04		3.316126		585		155		363		829		855		620		246		590
0.04		3.490659		588		169.5		364		826		748		630		243		575
0.04		3.665191		567		183		383		811		678		642		263		558
0.04		3.839724		548		166		429		815		648		627		284		575
0.04		4.014257		570		152		506		828		663		613		260		599
0.04		4.18879		592		175		588		791		680		629		244		575
0.04		4.363323		563		196		638		723		653		638		280		565
0.04		4.537856		564		214		635		639		651		613		276		602
0.04		4.712389		595		350		614		574		677		621		244		586
0.04		4.886922		569		456		626		541		655		640		275		566
0.04		5.061455		565		447		639		576		647		616		280		604
0.04		5.235988		693		450		624		559		676		625		248		589
0.04		5.410521		858		460		591		538		660.5		642		267		570
0.04		5.585054		902		424		469		557		643		625		291		611
0.04		5.759587		930		413		383		570		671		618		257		693
0.04		5.93412		912		422		373		535		665		644		266		800
0.04		6.108652		873		327		385		559.5		645		629		295		907.5
0.05		0		853		177		374		571		659		620		302		910
0.05		0.1745329		842		154		369		571		660		620		377		903
0.05		0.3490659		785.5		149		366		571		663.5		626		510		890
0.05		0.5235988		671.5		148		362		570		669.5		649		579		885
0.05		0.6981317		620		158		356		559		681		705		575		867
0.05		0.8726646		596		167		356		550		681		803		570		804
0.05		1.047198		591		171		351		545		681		873		570		661
0.05		1.221730		587		177		353.5		542		680		895		583		583
0.05		1.396263		582		181		357.5		541		677		892		590.5		570
0.05		1.570796		580		180		361		540		684		886		537		566
0.05		1.745329		576		179		363		540		708		882		440		564
0.05		1.919862		573		179		362.5		542		778		871		349		562
0.05		2.094395		565		179		367		541		872		825		288		560
0.05		2.268928		548.5		172		384		549		905		718		291		566
0.05		2.443461		548		170		386		550.5		907		657		290		566.5
0.05		2.617994		555		176.5		376		551		902		647.5		278		560
0.05		2.792527		561		180		374		572		895.5		646		271		557
0.05		2.96706		573		181		365		638		896		645		255		558
0.05		3.141593		586		169		363		750		882		632		243		574
0.05		3.316126		587		160.5		361		803		817		625		243		583
0.05		3.490659		575		150		364		821.5		720		615		251		595.5
0.05		3.665191		564		150		383		821		674		613		263		597
0.05		3.839724		549		163		425		804		648		624		285		581
0.05		4.014257		555		178		489		783.5		650		637		285		564.5
0.05		4.18879		570		187		558		754		660		642		265		560
0.05		4.363323		573		199		595		679		662.5		640		264		562
0.05		4.537856		574		233		603		588		662		641		265		563
0.05		4.712389		590		318		595		557		674		638		249		569
0.05		4.886922		592.5		411		590		548		676		634		246		574
0.05		5.061455		597		439		588		551		676		633		247		579
0.05		5.235988		675		429		580		557		676		628		248		586
0.05		5.410521		825		410		518		567.5		675		620		252		601
0.05		5.585054		887		397		423		572		665		617		262		630
0.05		5.759587		881		394		389		573		654		618		275		680
0.05		5.93412		862		371		381		569.5		647		622		285		789
0.05		6.108652		849		278		378		570.5		649		621		288		883
0.06		0		811		201		384		540		648		642		316		839
0.06		0.1745329		810		190		364		535		666		647		344		836
0.06		0.3490659		753		168		356		550		678		639		440		842
0.06		0.5235988		662		155		360		563		677		649		521		847
0.06		0.6981317		599		148		367.5		571		663		681		555		842
0.06		0.8726646		585		148.5		360		570		670		740.5		547		788
0.06		1.047198		579		148		359		571		672		807		541		672
0.06		1.221730		567		146		371		572		663		837		553		615
0.06		1.396263		567		145		369.5		573		666		839		535		604
0.06		1.570796		556		145		372		574		664		833		487		602
0.06		1.745329		550		150		378		569		682		829		428		596
0.06		1.919862		546		152		380		566		726		818		369		589
0.06		2.094395		545		157		386		560.5		808		771		312		582
0.06		2.268928		544		159		384		559		864		691		292		576
0.06		2.443461		543		158		383		562		876		645		290		578
0.06		2.617994		543		156		383		568		871		631		289		579
0.06		2.792527		544		157		386		587		861		629		288		579
0.06		2.96706		545		156		388		633		852		627		287		581.5
0.06		3.141593		545		158		385		719		821		625		286		583
0.06		3.316126		548		154		383		777		756		620.5		282		588
0.06		3.490659		547		155		386		789		691		620		283		587
0.06		3.665191		556		151		392		796		669		616		275		597
0.06		3.839724		555		154		413		791		653		617		277		595.5
0.06		4.014257		558		154		449		784		653		614		276		598
0.06		4.18879		582.5		155		503		748		671.5		613		252		598
0.06		4.363323		592		171		548		673		678		618		248		596
0.06		4.537856		594		204		562		603		678		622.5		245		589
0.06		4.712389		594		266		561		571		678		627		245		584
0.06		4.886922		595		356		556		554		677		632		247		580
0.06		5.061455		590		410		560		543		669		642		258		570
0.06		5.235988		640		418		552		539		659		642		270		568
0.06		5.410521		739		408.5		499		540		646		639.5		284		573
0.06		5.585054		815		398		430		545		644		637		291		596
0.06		5.759587		832		389		401		549		643		633		291		635
0.06		5.93412		835		338.5		381		573		652		618.5		281		735
0.06		6.108652		830		253		374		572		659		619		274		825
0.07		0		777		172		371		572		655		619		293		817
0.07		0.1745329		747		155		377		572		655		620		335		828
0.07		0.3490659		676		153		381		571		649		627		416		818
0.07		0.5235988		614		153		378.5		565		649		644		487		803
0.07		0.6981317		579		154.5		379		563		649		672.5		519		783
0.07		0.8726646		555		159		382		557		648		716		526		727.5
0.07		1.047198		548		154		383		560		649		764		523		644
0.07		1.221730		553		148		378		570		654		795		509		611
0.07		1.396263		568		145		364		573		668		801		464.5		603
0.07		1.570796		589		152		354		566		689		806		405.5		595
0.07		1.745329		588		156		356		561		708		801		364		586
0.07		1.919862		587		162		357		556		739		785		321		580
0.07		2.094395		585.5		169		353		550		796.5		742		269		571
0.07		2.268928		578		180		360		542		841		692		261		562
0.07		2.443461		562		180		370.5		544		853		661		270		560
0.07		2.617994		550		173		386		551		841		645		288		561
0.07		2.792527		544		160		385		580		829		630		288		576
0.07		2.96706		549		148		379		627		821		619		279		595
0.07		3.141593		573		146		364		690		804		616		255		595
0.07		3.316126		587		161		361		727.5		759		627		243		581.5
0.07		3.490659		585		178		366		735		713		638		246		567
0.07		3.665191		569		184		377		731		680		642		259		559
0.07		3.839724		555		180		408		729		654		637		282		563
0.07		4.014257		550		174		437		722.5		646		633		287		570
0.07		4.18879		552		174		486		685		645		632		287		571
0.07		4.363323		554		178		527		635		645		627		286		578
0.07		4.537856		558		190		542		609		647		616		280		600
0.07		4.712389		576		223		535		590		662		613		258		602
0.07		4.886922		595		296		524		563		677		622		245		589
0.07		5.061455		592		364		522		542		673		640		252		570
0.07		5.235988		605		374.5		518		545		645		635.5		289		573
0.07		5.410521		681		352		467		571		645		619		284		602.5
0.07		5.585054		774		341		404		573		665		616		261		621
0.07		5.759587		816		345		375		556		677		628		251		632
0.07		5.93412		815		327		365		541		672		644		257		670
0.07		6.108652		789		259		376		535		656		645		280		733
0.08		0		718		185		388		554		644		631		309		749
0.08		0.1745329		692		158		379		569.5		647		623		333		778.5
0.08		0.3490659		657		149		367		571		660		623		368.5		779
0.08		0.5235988		639		155		355		562		679		644		403		761
0.08		0.6981317		614.5		175		358		543		678.5		681		431		721
0.08		0.8726646		575		183		372		536		663		713		460		668
0.08		1.047198		549		170		381		546		649.5		738		477		619
0.08		1.221730		554		146		373		573		655		752		454		612
0.08		1.396263		589		152		356		566		682		769		398		595
0.08		1.570796		585		173		359		546		684		783		367		572
0.08		1.745329		553		175		377		542		677		778		379		564
0.08		1.919862		546		150		378		570		697		739		349		593.5
0.08		2.094395		576		147		359		573		757		699		277		597
0.08		2.268928		584		172		357		549		805		677		250		570
0.08		2.443461		560		180		378		542		808		660		276		560
0.08		2.617994		545		158.5		383		565		802		631		290		580
0.08		2.792527		562		146		369		594		808		617		267		598
0.08		2.96706		587		158		358		605		810		625.5		245		586
0.08		3.141593		583		178		365		628		779		641		249		564
0.08		3.316126		565		182		375		667		723.5		643		266		558
0.08		3.490659		557		180		380		691		689		641		276		558
0.08		3.665191		550.5		176		391		703		664.5		637		285		566
0.08		3.839724		547		158		407		715		649		621		283		586
0.08		4.014257		571		151		414		711		665		614		259		598
0.08		4.18879		590.5		158		431		670		680		618		245		590
0.08		4.363323		592		181		464		614		679		629		244		579
0.08		4.537856		576		215		494		571		664		641		258		563
0.08		4.712389		559		237		520		558		648		637		285		569
0.08		4.886922		553		261		515		561		643		623		287		585
0.08		5.061455		568		292		491		576		654		615		271		603
0.08		5.235988		632		317		456		570.5		673		618		251		598.5
0.08		5.410521		687		336		423		549		676		635		249		581
0.08		5.585054		718.5		340		409		538		659		643		271		582
0.08		5.759587		732		311		398		551		644		631		291		621
0.08		5.93412		748		261		377		573		652		617		278		677
0.08		6.108652		771		216		356		563		677		625		254		718
0.09		0		699		203		374		537		658		645		291		693
0.09		0.1745329		655		166		383		558		645		629		331		729
0.09		0.3490659		657		153		361		568		674		626		330		740
0.09		0.5235988		619		185		370		535		665		661		375		697
0.09		0.6981317		576		156		381		564		649		660		424		706
0.09		0.8726646		598		158		354		561		680		679		397		673
0.09		1.047198		569		182		368		537		663		721		416		605
0.09		1.221730		548		158		385		558		650		728		422		597
0.09		1.396263		576		146		363		572		673		731		371.5		604
0.09		1.570796		587		172		355		548		686		750		342		573.5
0.09		1.745329		561		179		371		539		679		751		355		562
0.09		1.919862		547		158		382		559		689		719		349		581
0.09		2.094395		560		145		372		575		726		680		292		601
0.09		2.268928		586		159		356		561		776		661		250		582
0.09		2.443461		568		180		366		542		783		660		265		560
0.09		2.617994		544		162		383		561		769		636		289		575
0.09		2.792527		563		145		371		592		778		617		265		597
0.09		2.96706		585		164		360		593		781		630		244		578
0.09		3.141593		579		181		363		607		752		643		253		560
0.09		3.316126		560		181		375		637		706.5		642		271		558
0.09		3.490659		546		166		387		669		676		630		286		572
0.09		3.665191		555		150		387		696		665		616		274		597.5
0.09		3.839724		584.5		154		382		687		678.5		616		249		594
0.09		4.014257		584		184		397		649		675		640		248.5		565
0.09		4.18879		550		167		440		634		645		627.5		286		578
0.09		4.363323		580		160		444		622		668		614		253.5		599
0.09		4.537856		586		209		461		571		671.5		639		250		567
0.09		4.712389		560		226		484		555		648		637.5		281		567
0.09		4.886922		556		229		482		570		644		619		283.5		595
0.09		5.061455		592		260		452		570		674		617.5		252		598
0.09		5.235988		614		309		444		538		665		642		261		567
0.09		5.410521		625		291		440		558		643		625		289		588
0.09		5.585054		684		275		397		572.5		664		615		261		616
0.09		5.759587		716.5		296		377		536		667		643		260		602
0.09		5.93412		697		252		390		551		642		631		292		639
0.09		6.108652		721		199		367		570		668		618		263		692
0.1		0		679		169		359		566		678		626		273		692
0.1		0.1745329		644		186		369		536		667		647		306		669
0.1		0.3490659		598		166		385		552		648		638		356		682.5
0.1		0.5235988		623		155		356		564		680		644		341		687
0.1		0.6981317		582.5		182		370		536		661.5		681		377		643
0.1		0.8726646		565		147		372		571		659		669		384		655
0.1		1.047198		586		178		359.5		543		679		706		357.5		597
0.1		1.221730		548		160		381		557		651		707		381		588
0.1		1.396263		588		159		352		562		684		710		327		589
0.1		1.570796		547.5		169		381		549		658.5		719		360		572
0.1		1.745329		575.5		146		364		574		695		692		322		600
0.1		1.919862		575		179		364.5		542		710		703		297.5		562
0.1		2.094395		545		153		381		565		707		665		299		585
0.1		2.268928		586		155		355		565		757		647		248		587
0.1		2.443461		571		179		368		544		756		655		263		560
0.1		2.617994		544		166		388		559		737		635.5		288		571
0.1		2.792527		558		146		374		595		741		616		272		597
0.1		2.96706		587		161		358		596		748		628		245		581
0.1		3.141593		567		182		372		598		715		645		266		559
0.1		3.316126		547		162		387		634.5		682		627		285		579
0.1		3.490659		571		150		373.5		661		688		615		259.5		597
0.1		3.665191		590		169		366		645		689		629		243		578
0.1		3.839724		573		184		389		625		668		642		259		561
0.1		4.014257		551		169.5		419		626		646		630		286		575
0.1		4.18879		563		153.5		428		627		654		614		274		600
0.1		4.363323		592		169		422		603		679		618		246		594
0.1		4.537856		588.5		209		431		566		674.5		638		249		570
0.1		4.712389		557		221		457		553		647		636.5		286		570
0.1		4.886922		563		212		449		576		652		615		276		603
0.1		5.061455		600		241.5		423		563		677		623.5		248		593
0.1		5.235988		630		274		411		544		673		642		255		572
0.1		5.410521		633		276		413		538		656		643		276		571
0.1		5.585054		638		253		407		552		643		631		290		599
0.1		5.759587		666		224		384		572		656		617		276		639
0.1		5.93412		695		210.5		359		563		677		625		253		648
0.1		6.108652		686		211		358		542		674		642		259		648
0.11		0		630		193		379		536		655		645		295.5		639
0.11		0.1745329		604		167		384		551		646		633		326		658
0.11		0.3490659		602		148		373		572		656		624		331		678
0.11		0.5235988		620		156		355		565		679		641		318		664
0.11		0.6981317		602		178		360		544		677		671		329		632
0.11		0.8726646		569		182		372.5		537		661		685		354.5		608
0.11		1.047198		548		165		382		551		649		682		368		600
0.11		1.221730		559		146		371		573		659		678		344		606
0.11		1.396263		589		157		355		563		682		689		310		591.5
0.11		1.570796		578		182		365		540		679		707		316		564
0.11		1.745329		549		171		382		548		670		693		342		570
0.11		1.919862		557		146		374		575		690		665		313		601
0.11		2.094395		587		157.5		355		563		726		662.5		258		586
0.11		2.268928		568		180		368		542		725		666		266		561
0.11		2.443461		545		159		385		562		715		638.5		290		579
0.11		2.617994		573		146		364		580		738		619		259		598
0.11		2.792527		582		176		358.5		564		741		642		248.5		567
0.11		2.96706		545		159		385		590		702		628		288		580
0.11		3.141593		570		147		371		619.5		711		616		257		596.5
0.11		3.316126		581		180		362		602		706		641		248		564
0.11		3.490659		547		168		386		619		668		632		286		571
0.11		3.665191		564		149		378		643		670		615		266.5		598
0.11		3.839724		589		167		378		623		681		629		244		581
0.11		4.014257		570		184		404		596		663		642		266		561
0.11		4.18879		551		168.5		422		597		646		628		286		577
0.11		4.363323		565		159		419		605		656		615		268		600
0.11		4.537856		593		187		412		583		678		623		245		589
0.11		4.712389		579		220		428		547		665		641		263		565
0.11		4.886922		555		217		439		555		644		629		288		580
0.11		5.061455		574		211		418		575		658.5		615		268		603
0.11		5.235988		627		238		398		556		677		629		248		586
0.11		5.410521		621		254		410		538		656		642		273		570
0.11		5.585054		622		221		405		569		646		620		284		611
0.11		5.759587		669		220		365		558		676		626		251		618
0.11		5.93412		643.5		226		380		539		651		643		283		613
0.11		6.108652		638		179.5		377		573		651		620		284		662
0.12		0		640		195		359		540		673		644		268		628
0.12		0.1745329		601		180.5		381		540		650		641.5		317		629
0.12		0.3490659		591		153		381		570.5		649		625		327		659
0.12		0.5235988		617		154.5		362		565		679		636		308		651
0.12		0.6981317		589		182		365		536		668		670		323		612
0.12		0.8726646		553		157		381		560		648		663		352		627.5
0.12		1.047198		590		155		355		564		680		666		312		617
0.12		1.221730		567		181		374		538		663		691		330		568
0.12		1.396263		550		151		381		569		654		671.5		337		597
0.12		1.570796		588		157		354		563		685		675		299		590
0.12		1.745329		569		180		365.5		540		683		689		311.5		561
0.12		1.919862		546		160		383		561		678		668		322		582
0.12		2.094395		571		145		368		576		708		647		273		600
0.12		2.268928		581		177		357		547		724		663		254		568
0.12		2.443461		545		163		381		556		701		641		290		574
0.12		2.617994		570		145		364		580		722		620		261		598
0.12		2.792527		584		170.5		360		564		728		636.5		246		570
0.12		2.96706		553		177		382		569		697		642		282		561
0.12		3.141593		552		149		378		612		687		618		279		596.5
0.12		3.316126		587		155.5		359		612		707		622		246		590
0.12		3.490659		576		182		368		593		687		642		256.5		561
0.12		3.665191		548		170		394		605		656		632		286		572
0.12		3.839724		569		151		384		625		664		615		261		598
0.12		4.014257		589		176		382		594		678		634		243		572
0.12		4.18879		556.5		179		417		581		649		637		286		567
0.12		4.363323		590		162.5		402		598		677		616.5		249		595
0.12		4.537856		573		204		416		558		661		641		263		564
0.12		4.712389		560		184		422		582		650		615		277		601
0.12		4.886922		594		210		400		555		678		629		245		581
0.12		5.061455		563		228		420		542		651		638		284		568.5
0.12		5.235988		588		206		416		574		649		616		278		603
0.12		5.410521		635		217		388		562		677		624		248		592
0.12		5.585054		624.5		236		391		538		660		643		269		576
0.12		5.759587		613		201		389		568		645		622		286		619
0.12		5.93412		653		194		360		562		678		624		251		630
0.12		6.108652		625		209		378		537		657		644		276		613
0.13		0		610		159		370		572		660		618		280		649
0.13		0.1745329		627		176.5		359		546		676		637.5		275		625
0.13		0.3490659		581		165		384		554		647		635		327		629
0.13		0.5235988		599		148		365		572		667		631		308		646
0.13		0.6981317		598		182		358		540		674		665		305		608
0.13		0.8726646		553		164		384		552		648		662		340		614
0.13		1.047198		582		148		363		570		674		654		308		620
0.13		1.221730		574		182		365		538		668		684		310		569
0.13		1.396263		547		153		379		562		650		665		331.5		590
0.13		1.570796		589		167		354		554		684		673		292		581
0.13		1.745329		548		158		385		561		663		665		329		585
0.13		1.919862		581		180		361		543		698		675		283		566
0.13		2.094395		555		145		373.5		576		688		645		288.5		600
0.13		2.268928		580		179.5		359		545		713		662.5		255		564
0.13		2.443461		546		154		382		568		691		633		289		588
0.13		2.617994		587		156		361		568		722		627		247		587
0.13		2.792527		566.5		180		371		553		703.5		645		267		559
0.13		2.96706		550		150		379		595		687		621		282		594
0.13		3.141593		587		168		358		586		711		631		245		574
0.13		3.316126		547		168		388		590		671		632		287		571
0.13		3.490659		588		155		363		610		697		621		247		591
0.13		3.665191		551		175		389		589		658		638		287		566
0.13		3.839724		583		153		374		612		677		616		253		595
0.13		4.014257		572		183		393		577		664		642		263		562
0.13		4.18879		554		159		414		600		647		621		282		591
0.13		4.363323		591		169		391		587		679		624		244		586
0.13		4.537856		569		200		409		556		659		643		270		564
0.13		4.712389		556		184		417		574		647		621		284		593
0.13		4.886922		593		193		394.5		568		678		620		248		594
0.13		5.061455		581		223		402		539		667		642		262		566
0.13		5.235988		577		203		412		564		644		623		286		592
0.13		5.410521		629		203		382		563.5		677		624		249		593.5
0.13		5.585054		614		223		391.5		539		658		643		272		575
0.13		5.759587		601		198		394		561		645		626		289		610
0.13		5.93412		635		183		363		570		674		619		257		632
0.13		6.108652		631		206		360		540		671		645		259		609
0.14		0		588		169		386		563		645.5		626		296		631
0.14		0.1745329		623		159		357		564		677		625		274		634
0.14		0.3490659		602		183		368		537		664		647		300		605
0.14		0.5235988		574.5		156		382		565		649		635		326		631
0.14		0.6981317		604		160		359		560		679		645		291		624.5
0.14		0.8726646		567		182		376		538		658		671		319		595
0.14		1.047198		560		148		372		572		656		650		318		623
0.14		1.221730		591		172		354		548		680		669		290		583
0.14		1.396263		552		174		384		545		652		672.5		328		571
0.14		1.570796		563.5		147		374		573		664.5		650		309		602
0.14		1.745329		588		169		355		552		691		666		283		576
0.14		1.919862		552		174		380		545		673		668.5		312		565
0.14		2.094395		556		146		372		576		686		641		285		600
0.14		2.268928		588		161		359		562		714		646		250		584
0.14		2.443461		567		179		373		544		699		652		270		560
0.14		2.617994		545		162		383		560		684		634		289		576
0.14		2.792527		560		146		370		585		694		617		268		598
0.14		2.96706		586		163		359		577		710		630		246		579
0.14		3.141593		571		180		370		568		693		644		259		560
0.14		3.316126		549		174		384		577		673		639		287.5		564
0.14		3.490659		551		151		380		609		668		619		281		595
0.14		3.665191		582		151		365		607		683		616		252		595
0.14		3.839724		589		170		370		585		681		631		245		575
0.14		4.014257		574		183		388		571		666		642		260		561
0.14		4.18879		554		175		408		574.5		646		636		287		569
0.14		4.363323		562		155		403		597		654		615		273.5		600
0.14		4.537856		592		176		389		578.5		679		623		244		588.5
0.14		4.712389		577		207		403		546		664		641		264		564
0.14		4.886922		554		196		414		556		645		628.5		287		581
0.14		5.061455		576		184		396		575		662		615		265		603
0.14		5.235988		614		210		382		549		678		633		248		578
0.14		5.410521		588		212		409		543		646		637.5		289		572
0.14		5.585054		598		184		397		574		652		617		279		610
0.14		5.759587		632		194		364		558		677		628		250		603
0.14		5.93412		609		211		374		538		658		644		273.5		593
0.14		6.108652		591.5		176		382		569		646.5		623		287		632
0.15		0		621		178		355		549		679		635		258		614
0.15		0.1745329		618		162		355		562		679		627		270		626
0.15		0.3490659		612		153		360		566		678		625		281		627
0.15		0.5235988		598		149		365		571		673		628.5		291		629
0.15		0.6981317		574		147		369.5		573		663		637		303.5		629
0.15		0.8726646		557.5		148		375		572		655.5		643		314		625
0.15		1.047198		548		161		383		557		649		656		325		600
0.15		1.221730		551		173		385		543		652		667		323		572
0.15		1.396263		562		181		375		539		661		674		309		564
0.15		1.570796		576		181		361		539		675		673		290		563
0.15		1.745329		589		165		354		555		692		657		275		579
0.15		1.919862		581		148		360		572		694		642		273		597.5
0.15		2.094395		562		145		372		576		687		637		276		600
0.15		2.268928		548		150		380		570		680		636		287		591
0.15		2.443461		545		161		382		560		679		636		289		579
0.15		2.617994		548		170		383		552.5		679		638		289		567.5
0.15		2.792527		559		179		378		552		686.5		644		274		560
0.15		2.96706		573		180		369		559		693.5		645		260		559
0.15		3.141593		572		181		369		566		690		645		262		559
0.15		3.316126		570		182		368		569		683		643		262		561
0.15		3.490659		564		182		377		571		671		643		271		560
0.15		3.665191		571		182		378		570		670		643		264		561
0.15		3.839724		579		184		376		568		670		644		257		561
0.15		4.014257		587		179		376		571		676.5		639		248		568
0.15		4.18879		592		168		380		580.5		679		628		244		581.5
0.15		4.363323		592		172		385		576		679		626		246		583.5
0.15		4.537856		593		185		386		567		678		631		247		581
0.15		4.712389		591		196		382		554		677		635		246		575
0.15		4.886922		589		207		384		544		675		639		252		571.5
0.15		5.061455		576		212		393		538		662.5		642		267		567
0.15		5.235988		596		213		395		538		663		643		266		566
0.15		5.410521		609		212		386		538		667		644		261		567
0.15		5.585054		615		211		374		539		670		644		259		574.5
0.15		5.759587		620.5		206		363		542		674		641		253		587
0.15		5.93412		617		205		363		540		671		642		255		594
0.15		6.108652		622		185		359		554.5		678		632		252		613
0.16		0		616		169		356		558		679		629		256		615
0.16		0.1745329		615		168		359		554		679		632		267		611
0.16		0.3490659		611		172		357		548.5		679		638		273		603
0.16		0.5235988		603		175		355.5		547		678		646		278		601
0.16		0.6981317		591		181		359		541		675		657		282		592
0.16		0.8726646		582		184		363		538.5		672		665		287		587
0.16		1.047198		575		183		368		538		669		669		293		575
0.16		1.221730		572		183		368		538		666		671		296		566
0.16		1.396263		565		183		372		538		661		669		302		563
0.16		1.570796		560		180		377		540		661		667		308		563
0.16		1.745329		548		168		386		550.5		658		656		314		574.5
0.16		1.919862		551.5		151		380		574		668		641		299		600
0.16		2.094395		574		147		362		575.5		692		634		266		600
0.16		2.268928		589		161		355		560		706		639		248		583
0.16		2.443461		579		181		363		544		698		649		255		564
0.16		2.617994		555		177		382.5		545		680		644		280.5		561
0.16		2.792527		546		162		384		566		671		632		289		578
0.16		2.96706		547		151		381		585		672		621		285		591
0.16		3.141593		554		147.5		377		598		674		618		279		598
0.16		3.316126		573		147		369		600		685.5		616		258		598
0.16		3.490659		588		158		361		591		691		624		246		588
0.16		3.665191		588		170		360		577		684.5		632		246		574
0.16		3.839724		583		182		369		567		676		643		253		565
0.16		4.014257		562		181		391		563		655		642		274		561
0.16		4.18879		551		168		407		575		647		630		287		576.5
0.16		4.363323		566		155		394		591		657		615		269.5		601
0.16		4.537856		590		168		379		579		678		618		248		594.5
0.16		4.712389		593		185		379		559		679		628		245		582
0.16		4.886922		588		203		383		546		675		639		249		572
0.16		5.061455		585		208		385.5		539		669		643		257		567
0.16		5.235988		589		210		391		539		659		643		269		566
0.16		5.410521		584		205		396		539		650		641		282		569
0.16		5.585054		579		192		396		549		644		632		290		583
0.16		5.759587		588		172		385		574		651		619		280		617
0.16		5.93412		596.5		169		372		574		659		618		272		625
0.16		6.108652		589		164		372		573		655		617		276		628
0.17		0		580.5		157		381		574		650.5		620		286		627
0.17		0.1745329		583		150		372.5		573		655		619		289.5		627
0.17		0.3490659		582		149		370		573		659		620		292		626
0.17		0.5235988		580		148		370.5		573		661		624		294		625
0.17		0.6981317		577		148		372		573		664		632		292		623
0.17		0.8726646		574		148		367		573		667		635		290		621
0.17		1.047198		572		148		363		572.5		667		638		288		613
0.17		1.221730		574		147		362		572		669.5		639		287		604
0.17		1.396263		579		149		362		570		674		640		281		598
0.17		1.570796		585.5		150		361		568		681		641		277		596
0.17		1.745329		578.5		148		362		571		681.5		638		278		598
0.17		1.919862		577		147		362		573		687		635.5		275		600
0.17		2.094395		580		149		359		572		695		635		261		597.5
0.17		2.268928		573.5		146		366		574		692		628		261		599
0.17		2.443461		563		145		369		576		684		622		268		600
0.17		2.617994		567		146		368		578		686		618		268		599
0.17		2.792527		571		146		365		582		689		617		261		598
0.17		2.96706		576		148		365		587		691		617		258		597
0.17		3.141593		572		147		369		594		687		617		260		598
0.17		3.316126		569		148		370		597		679		616		265		598
0.17		3.490659		565		149		370		598		671		615		265		599
0.17		3.665191		570		149		369		597		669		616		261		599
0.17		3.839724		590		157		368		588		681		621		247		591
0.17		4.014257		590		159		371		584		680		623		245		587
0.17		4.18879		591		164		373		578		679		626		245		584
0.17		4.363323		588		185		380		560		674		640		250		570
0.17		4.537856		570.5		194		393		549		659		642		270		565
0.17		4.712389		553		185		408		556		646		632		287		579
0.17		4.886922		567		170		393		575		655		615		273		603
0.17		5.061455		593		181		376		566		678		621		249		595
0.17		5.235988		602		205		377		542		673		639		253		571
0.17		5.410521		586.5		205		395		538		655.5		643		277		567
0.17		5.585054		576		189		398		551		644		632		289		582
0.17		5.759587		577		181		389		560		645		628		289		599
0.17		5.93412		575		176		384		563		645		626		288		608
0.17		6.108652		578		166		379		572		650		620		284		622.5
0.18		0		588		155		368		574		661		619		273		624
0.18		0.1745329		596		149.5		364		573		668		618		275		624
0.18		0.3490659		596		149		365		572		670		621		280		622
0.18		0.5235988		597		151		361		569		674		627		276		618
0.18		0.6981317		590		151		359		569		675		631		279		617
0.18		0.8726646		579		149		360		571		671		634		280		618
0.18		1.047198		573		147		365		573		668		637		285.5		613
0.18		1.221730		564		147		372		573		662		637		293		606
0.18		1.396263		558		147		374		574		658		637		299		602
0.18		1.570796		555		148		376		574		657		637		302		601
0.18		1.745329		556		147		375		575		662		635		298		600
0.18		1.919862		565		147		372		575		675		634		284		601
0.18		2.094395		588		169		359		552		697		649		253		575
0.18		2.268928		586.5		173		356		550		698.5		647		249		571
0.18		2.443461		584		179		358		548		697		645		249		569
0.18		2.617994		583.5		177		360		547		696		642		250		567
0.18		2.792527		575		180		369		547		687		645		260		561
0.18		2.96706		565		181		375		552		679		644		271		561
0.18		3.141593		559		178.5		376		557		672		642.5		275		560
0.18		3.316126		557		178		380		560.5		668		642		282		562
0.18		3.490659		551		174.5		386		566		658		638.5		287		567
0.18		3.665191		563		182		380		559		663		644		272		561
0.18		3.839724		563		181		383		558		659		642		274		561
0.18		4.014257		564		182		385		558		658		643		272		561
0.18		4.18879		566		182		389		556		658.5		642		271		562
0.18		4.363323		558		179		403		558		650		639		285		568
0.18		4.537856		552		178		404		558		645		633		287		574
0.18		4.712389		553		175		402		564		645		626		288		585.5
0.18		4.886922		565		167		389		576		656		615		271		602
0.18		5.061455		578		168		383		574		666		616		262		602
0.18		5.235988		605		181		375		560		678		625		249		589
0.18		5.410521		611		187		370		554		678		630		250		584.5
0.18		5.585054		613		183		365		557		678		628		250		590
0.18		5.759587		614		184		359		555		678		630		250		593.5
0.18		5.93412		613		187		359		552		678		634		250		596
0.18		6.108652		612		176		358		556		678		629		251		604
0.19		0		608.5		162		357		564		678.5		623		256		612
0.19		0.1745329		608		161		359		560		679		627		260		609
0.19		0.3490659		606		158		357		564		679		627		266		612
0.19		0.5235988		599		154		358		568		678		626		273		615
0.19		0.6981317		585		148		361		571		671.5		627		279		617
0.19		0.8726646		581		150		362		572		673		634		276		616
0.19		1.047198		590		157		359		562		680		640		268		601
0.19		1.221730		590		169		355		551		680		650		267		582
0.19		1.396263		577		183		363		538		670		661		278		563
0.19		1.570796		562		183		374		539		661		661		294		563
0.19		1.745329		547		166		387		554		654		649		306		577
0.19		1.919862		549		151		380		573		661		635		296		597
0.19		2.094395		572		147		365		575		683		629		269		600
0.19		2.268928		587		157		355		565		698		635		249		589
0.19		2.443461		586		174		359		549		697		644		249		570
0.19		2.617994		560		180		379		542		676		645		275.5		560
0.19		2.792527		546		166.5		384		556		664		633.5		290		573
0.19		2.96706		547		158		384		570		663		626		290		581
0.19		3.141593		565		147		369		590		676		616		265		598
0.19		3.316126		588		154		362		584		692		621		248		589
0.19		3.490659		588		167		359		573		689		630		246		578.5
0.19		3.665191		585		176.5		358		564		681		638		247		568
0.19		3.839724		569		182		375		556		664		643		266		561
0.19		4.014257		549		165		395		571		646		629		288		577.5
0.19		4.18879		569		150		385		589		661		615		265		600
0.19		4.363323		591		170		371		567		679		630		246		580
0.19		4.537856		573		190		386		547		663		643		268		564
0.19		4.712389		557		189		398		546		649		638.5		285		569
0.19		4.886922		553		181		402		554		645		630		288		582
0.19		5.061455		552		176		400		563		645		624		287		591
0.19		5.235988		573		168		388		574		654		616		276		604
0.19		5.410521		608		176		368		562		678		623		249		591
0.19		5.585054		609		192		366		547		677		636.5		250		578
0.19		5.759587		600		199		372		538		668		644		261		575
0.19		5.93412		577		194		383		540		650		641		284		581
0.19		6.108652		568		183		385		550		646		635		291		594
0.2		0		581		188		375		538		661		645		277		581
0.2		0.1745329		573		181		377		538		655		643		288		579
0.2		0.3490659		562		174		384		546		650		640		305		586
0.2		0.5235988		556		161.5		385		557		648		635		307		597
0.2		0.6981317		555		150		382		571		652		630		300		612.5
0.2		0.8726646		570		147		366		573		668		630		281		614
0.2		1.047198		589		155		356		563		682		638		266		598
0.2		1.221730		582		183		359.5		542		677		660		270.5		568
0.2		1.396263		568		183		370		539		665		661		282		561
0.2		1.570796		561		182		377		539		662		659		290.5		561
0.2		1.745329		547		164		382		555		655		645		303		578
0.2		1.919862		547		160.5		382		559		659		641		299		582
0.2		2.094395		549		150		378.5		572		665		632		286.5		595
0.2		2.268928		563		147		373		576		679		624		270		600
0.2		2.443461		585		152		361		570		695		623		253		594
0.2		2.617994		588		162		356		561		696		630		247		583
0.2		2.792527		582		178		360		550		690.5		641		251		566
0.2		2.96706		560		180		379		550		671		644		277		560
0.2		3.141593		548		159		388		573		658		626		289		581
0.2		3.316126		568		148		370		591		673		616		267		599
0.2		3.490659		589		158		358		580		687		623		247		589
0.2		3.665191		587		177		361		564		680		638		247		572
0.2		3.839724		571		182		379		553		664		643		265		561
0.2		4.014257		554.5		176		395		558		648.5		637		288		568
0.2		4.18879		554		155		393		581		648		618		283		592
0.2		4.363323		578		153		377		584		667		615		257		601
0.2		4.537856		592		174.5		371		562		679		629		245		582
0.2		4.712389		581		194		381		541		669		643		256		566
0.2		4.886922		562		194		392.5		540		653		640		279.5		566
0.2		5.061455		554		176		396		559		646		625		288		586
0.2		5.235988		579		164		383		574		659		616		271		603
0.2		5.410521		605		168		373		567		677		620		253		597
0.2		5.585054		608		187		366		548		678		636		251		580
0.2		5.759587		591		197		372		538		662		644		267		574
0.2		5.93412		567		184		384		548		645		636.5		290		587
0.2		6.108652		574		157.5		377		574		654		619.5		281		618
