8 21 36 0.2
0		0		3414		1707		938		563		663		1575		2214		3541
0		0.1745329		3216		1145		612		568		653		1666		2905		3635
0		0.3490659		2962		864		506		568		655		1771		3201		3631
0		0.5235988		2650		770		412		568		693		2080		3454		3536
0		0.6981317		2062		633		369		567		816		2618		3633		3365
0		0.8726646		1683		349		355.5		567		941		3149		3701		3145
0		1.047198		1530		244		354		568		1333		3433		3666		2675
0		1.221730		1471		168		354		567		1526		3567		3530		2084
0		1.396263		1018.5		148		356		573		1575		3648		3320		1638
0		1.570796		828		144		352		603		1788		3659		3083		1386
0		1.745329		682		143		355		697		2250		3595		2859		1194
0		1.919862		596		142		355		803		2791		3413		2671		955
0		2.094395		572		141		359.5		1136		3278		2881		2518		757
0		2.268928		569		141		359.5		1292		3494		2332		2392		642
0		2.443461		568		141		365		1361		3616		1790		2047		603
0		2.617994		568		141		393		1570		3650		1411		1466		598
0		2.792527		566		141		496		2028		3592		1228		969		598
0		2.96706		562		142		606		2563		3442		1152		572		598
0		3.141593		547.5		161		931		3106		3214		940		350		595
0		3.316126		544		234		1149		3450		2787		765		296		579
0		3.490659		548		386		1195		3604		2246		687		286		568
0		3.665191		552		517		1371		3653		1769		641		284		563
0		3.839724		553		986		1760		3598		1512		626		285		570
0		4.014257		615		1123		2260		3435		1420		616		286		581
0		4.18879		772		1199		2792		3083		1306		613.5		286		588
0		4.363323		995		1478		3265		2628		932		616		287		605
0		4.537856		1400		2078		3562		2090		815		619		287		685
0		4.712389		1436		2781		3620		1635.5		701		618		287		840.5
0		4.886922		1649		3333		3554		1400		647		617		292		1020
0		5.061455		2129		3546		3253		1318		638		617		316		1536
0		5.235988		2756		3680		2858		1194		636		620		413		1640
0		5.410521		3054		3723		2403		830		636		625		573		1752
0		5.585054		3313		3676		1873		710		636		656		895.5		2094
0		5.759587		3499		3529		1426		593		642		756		1223		2658
0		5.93412		3589		3113		1185		544		653		905		1312		3094
0		6.108652		3578		2461		1101		535		657		1094		1572		3336
0.01		0		3087		1347		794		533		657		1288		1751		3122
0.01		0.1745329		2953		1065		588		532		658		1717		2221		3219
0.01		0.3490659		2661		923		480		534		670		1805		2699		3239
0.01		0.5235988		2238		855		388		537		698		1932		2908		3178
0.01		0.6981317		1891		526		354		542		794		2197		3070.5		3042
0.01		0.8726646		1702		352		348		543		920		2545		3155		2696
0.01		1.047198		1609		243		351		552		1087		2909		3167		2219.5
0.01		1.221730		1316		169		349		561		1525		3185		3110		1811
0.01		1.396263		927		150		350		569		1647		3308		2983		1524
0.01		1.570796		813		147		349		588		1729		3288		2824		1339
0.01		1.745329		679		151		348		657.5		1959		3114		2646		1172.5
0.01		1.919862		608		159		349		760		2309		2786		2475		868
0.01		2.094395		591		157		347		914		2727		2360		2343		719
0.01		2.268928		588		158		347		1297		3081		1931.5		2134		618
0.01		2.443461		587		160		353		1394		3263		1584		1672		583
0.01		2.617994		587		163		378		1483		3307		1392		1199		575
0.01		2.792527		577		175		457		1700		3264		1304		823		564
0.01		2.96706		554		172		578		2037		3069		1171		517.5		565
0.01		3.141593		545		167		709		2449		2721		868		348		578
0.01		3.316126		546		198		1069		2815		2327		752		292		594
0.01		3.490659		557		304		1253		3072.5		1944		663		269		600
0.01		3.665191		572.5		431		1303		3170		1711		619		256		598
0.01		3.839724		588.5		628		1475		3119		1579		611		247		591
0.01		4.014257		627		1094		1740		2918.5		1503		617		243		582.5
0.01		4.18879		757		1229		2108		2597.5		1184		619		242		580.5
0.01		4.363323		891		1330		2459		2208		928		620		242		588
0.01		4.537856		1289		1581		2724		1825		833		619		243		645
0.01		4.712389		1578		1981		2821		1586		727		619		243		785
0.01		4.886922		1614		2452		2764.5		1457		681		618		246		928
0.01		5.061455		1809		2864		2570		1377		670		615		264		1218
0.01		5.235988		2177		3122		2259		1034		670		617		334		1701
0.01		5.410521		2629		3173		1902		801		670		623		476		1790.5
0.01		5.585054		2885		3053		1557		701		670		641		646		1942
0.01		5.759587		3031		2756		1338		603		670		709		1090		2225
0.01		5.93412		3123		2321		1222		560		670		843		1345		2629
0.01		6.108652		3131		1813		1141		548		670		978		1448		2980
0.02		0		2733		1201		676		548		670		1076		1595		2752
0.02		0.1745329		2549		1042		562		551		670		1436		1852		2867
0.02		0.3490659		2293		962.5		460		552		674		1771		2164		2862
0.02		0.5235988		2041.5		754		382		552		692		1892		2481		2762
0.02		0.6981317		1844		436		358		552		759		2018		2714		2541.5
0.02		0.8726646		1715		330		352		556		880		2221		2813		2247
0.02		1.047198		1531.5		230		348		558		983		2418		2838		1935
0.02		1.221730		1133		173		347		558.5		1232		2578		2802		1671
0.02		1.396263		904		156		347		562		1623		2657		2718		1481
0.02		1.570796		801		151		350		575		1748		2626		2621		1366
0.02		1.745329		674		151		348		625		1845		2490		2509		1096
0.02		1.919862		610		154		346		724		2035		2271		2381.5		845
0.02		2.094395		592		163		347		809		2258		2010		2202		710
0.02		2.268928		577		177		358		1012.5		2473		1767		1896		603
0.02		2.443461		555		171		378		1368		2639		1558		1450		572
0.02		2.617994		546		153		392		1490.5		2698		1426		1112		583
0.02		2.792527		552		142		435		1603		2665		1324		787		598
0.02		2.96706		564		142		527		1801		2538		1057		481		598
0.02		3.141593		586		155		614		2034		2336.5		830		306		588
0.02		3.316126		583		200.5		800		2263		2092		758		256		569
0.02		3.490659		564		296		1173		2436		1859		684		266		560
0.02		3.665191		552		421		1342		2529		1693		641		279		565
0.02		3.839724		549		523		1434		2509		1575		625		283		570
0.02		4.014257		575		828		1597		2394		1367		620		284		577
0.02		4.18879		683		1211		1802		2177		1012		615		284		583
0.02		4.363323		819		1313		1993		1946		882		610		277		604
0.02		4.537856		1029		1437		2155		1735		795		608		260		648
0.02		4.712389		1492		1663		2224		1587		709		607		250		753
0.02		4.886922		1689		1911		2194		1491		678		611		248		893
0.02		5.061455		1756		2164		2069.5		1258		672		616		258		1026
0.02		5.235988		1934		2335		1886		921		671		620		306		1421
0.02		5.410521		2202		2376		1670		781		670		627		425		1789
0.02		5.585054		2489		2290		1475		671		665		649		574		1898
0.02		5.759587		2728		2091		1354		579		656		699		816		2041
0.02		5.93412		2832		1809		1274		544		650		806		1279		2268
0.02		6.108652		2846		1497		1046		536		647		936		1478		2511
0.03		0		2463		1199		659		539		641		999		1607		2438
0.03		0.1745329		2312		1084		577		546		637		1186		1752		2518
0.03		0.3490659		2113		936		478		562		641		1539		1950		2519
0.03		0.5235988		1945		615		395		569		671		1822		2175		2453
0.03		0.6981317		1838		407.5		357		553		733		1974		2360		2299
0.03		0.8726646		1677		343		356		533		831		2108		2503		2027
0.03		1.047198		1345		249		364.5		532		925		2233		2557.5		1789
0.03		1.221730		982		185		377		539		1036		2337		2589		1608
0.03		1.396263		849		164.5		378		550		1354		2374.5		2559		1487
0.03		1.570796		742		154		376		566		1678		2326		2513		1296.5
0.03		1.745329		625		153		374		603		1818		2220		2423		983
0.03		1.919862		568		150.5		375		695		1929		2061		2311		814
0.03		2.094395		556		147		376		797		2069		1861		2042		709
0.03		2.268928		562		142		365		919		2226		1665		1599		631
0.03		2.443461		570		141		359		1221		2332		1543		1218		605
0.03		2.617994		577		144		366		1499		2376		1433		942		597
0.03		2.792527		586.5		149		403		1613		2355		1219		658		589
0.03		2.96706		583		146		495		1727		2270		930		420		593
0.03		3.141593		572		147		591		1878		2120		801		305		598
0.03		3.316126		561		168		694		2043		1943		725		274		598
0.03		3.490659		559		234		950		2166		1800		652		268		599
0.03		3.665191		550.5		359		1270		2221		1674		620		277		595
0.03		3.839724		549		468		1435		2202		1501		617		283		581
0.03		4.014257		570		629.5		1535		2124		1183		625		283		569
0.03		4.18879		645		981		1652		1986		947		624		284		573
0.03		4.363323		782		1283		1792		1814		863		624		284		578
0.03		4.537856		899		1425		1904		1674.5		771		629		283		601
0.03		4.712389		1205		1551		1948		1562		693		634		270		678
0.03		4.886922		1615		1707		1931		1393		667		635		260		813
0.03		5.061455		1806		1867		1866		1069.5		663		636		265		933
0.03		5.235988		1905		1963		1742		840		661		636		298		1120
0.03		5.410521		2056		1966.5		1581		762		669		629		382		1549
0.03		5.585054		2257		1887		1466		666		670		634		518		1856
0.03		5.759587		2413		1746		1364		597		671		663		656		2020
0.03		5.93412		2475		1557		1191		580		655		741		976		2160
0.03		6.108652		2492		1338		872		572		647		865		1410		2317
0.04		0		2250		1190		631		565		640		937		1504.5		2292
0.04		0.1745329		2143		1047.5		561		555		637		1052.5		1726		2332
0.04		0.3490659		2022.5		790		468		552		639		1282		1872		2313
0.04		0.5235988		1895		506		403		549		650		1621		2019		2240
0.04		0.6981317		1737		394		381		539		688		1888.5		2154		2092
0.04		0.8726646		1477		323.5		367		532		784		2049		2258		1918
0.04		1.047198		1129		237		370		531		894		2137		2362		1761
0.04		1.221730		936		193		355.5		533		993		2194		2381		1615
0.04		1.396263		864		171		348		544		1167		2192		2360		1437
0.04		1.570796		750		158		347		561		1496		2140		2348		1146
0.04		1.745329		644		147		355		604		1755		2063		2302		917
0.04		1.919862		579		143		369		681		1907		1937		2086		801
0.04		2.094395		560		145		370		772		2001		1803		1733		699
0.04		2.268928		550		154		376		840		2090		1686		1345		614
0.04		2.443461		549		165.5		378		991		2155		1567		1095		579
0.04		2.617994		567		178		376		1282		2185		1378		859		563
0.04		2.792527		587		167		387		1539		2186		1101		608		575
0.04		2.96706		584		149		454		1702		2121		881		403		592
0.04		3.141593		564		146		557		1810		2006		795		309		599
0.04		3.316126		556		160		645		1915		1896		717		279.5		599
0.04		3.490659		549		211		772		1993		1773.5		653		277		595
0.04		3.665191		546		317		1036		2033.5		1607		622		278		589
0.04		3.839724		547		438		1308		2029		1346		626		283		570
0.04		4.014257		576		542		1485		1975		1069		634		266		561
0.04		4.18879		643		735		1595		1880		937		634		256		561
0.04		4.363323		778		1061		1681		1787		879		621.5		243		582
0.04		4.537856		876		1314		1754		1685		779		611		252		620
0.04		4.712389		996		1475		1797		1523		685		609.5		274		685
0.04		4.886922		1316		1600		1810		1234		648		624		288		776
0.04		5.061455		1692		1702		1763		941		656		635		270		891
0.04		5.235988		1899.5		1748		1662		825		672		621		276		1014
0.04		5.410521		2029		1743.5		1563		757		671		619		352		1287
0.04		5.585054		2125		1696		1457		671		661		617		485		1664
0.04		5.759587		2215		1592		1284		605		653		644		614		1936
0.04		5.93412		2276		1443		1008		579		656		712		773		2101
0.04		6.108652		2294		1308		746		573		644		826		1142		2206
0.05		0		2110		989		574		550		638		957		1399		2215
0.05		0.1745329		1989		688		477		559		639		1047		1687		2220
0.05		0.3490659		1845		477		413		561		644		1219		1868		2178.5
0.05		0.5235988		1622		379		382		569		666.5		1490		2003		2084
0.05		0.6981317		1340		308		373		569		719		1754		2103		1964
0.05		0.8726646		1060		220		367.5		570		816		1956		2190		1818
0.05		1.047198		918		170		362		569		911		2060		2254		1640
0.05		1.221730		845.5		149		363		571		987.5		2104		2280		1387
0.05		1.396263		754		145		361		573		1122		2089		2245		1116
0.05		1.570796		650		144		366		586		1376		2031		2118		915
0.05		1.745329		593		143		362.5		625		1646		1945		1872.5		819
0.05		1.919862		574		142		360		704		1865		1827		1518		722
0.05		2.094395		563		141		365		791		1989		1694		1215		644
0.05		2.268928		560		141		370		865		2069		1507		1013		609
0.05		2.443461		556		141		377		995		2096		1270.5		850		600
0.05		2.617994		553		141		386		1243.5		2089		1020		640		599
0.05		2.792527		561		141		423		1504		2052		869		442		599
0.05		2.96706		583		147.5		488		1699		1992		802.5		312		595
0.05		3.141593		587		174		574		1818		1896		744		259		574
0.05		3.316126		575		210		645		1896		1743		685		257		562
0.05		3.490659		569		275		752		1943		1513		649		258		561
0.05		3.665191		567		378		957		1949		1243		637		265		560
0.05		3.839724		563		469		1222		1918		1020		634		273		560
0.05		4.014257		588		548		1440		1852		921		631		277		564
0.05		4.18879		671.5		714		1584		1754		857.5		634		274		564
0.05		4.363323		795		991		1673		1605		776		636		266		573
0.05		4.537856		898		1277		1718		1380		708		636		257		607
0.05		4.712389		1035		1467		1729		1121		681		630		246		694
0.05		4.886922		1298		1576		1698		922		673		621		247		828
0.05		5.061455		1590		1636		1642		841		662		610		267		944
0.05		5.235988		1830		1654		1554		775		645		610		331		1045
0.05		5.410521		1997		1641		1403		666		638		628		427		1219
0.05		5.585054		2132		1581		1163		581		646		651		535		1527
0.05		5.759587		2210		1482		904		549		656		690		621		1806
0.05		5.93412		2242		1364		704		540		663		772		754		2031
0.05		6.108652		2217		1212.5		613		544		670		866		1011		2162
0.06		0		2056		824		528		549		672		926		1100		2120
0.06		0.1745329		1927		590		444		546		673		1000		1403		2141
0.06		0.3490659		1730		445		387		549		676		1100		1655		2106
0.06		0.5235988		1473		381		364		547		689		1277		1817		2012
0.06		0.6981317		1202		311		352		544		728		1523		1932		1882
0.06		0.8726646		1010.5		243		354		537		800		1754		2005		1702
0.06		1.047198		905		200		360		532		890		1927		2054		1454.5
0.06		1.221730		824		181		370		534		953		2006		2066		1195
0.06		1.396263		711		165		378		547		1026		2014		2021		977
0.06		1.570796		623		149		372		577.5		1186		1960		1849		869
0.06		1.745329		593		144		358		617		1440		1864		1561		795
0.06		1.919862		594		151		349		672		1692		1744		1262		697
0.06		2.094395		585		173		355.5		742		1879		1583		1041.5		609
0.06		2.268928		562		175		369		803		1980		1371		920		572
0.06		2.443461		549		158		379		898		2018		1128		781		580
0.06		2.617994		554		143		383		1072		2019		940		593		599.5
0.06		2.792527		574		142		407		1304		1986		845		409		598
0.06		2.96706		588		162		461		1522		1925		801		302		579
0.06		3.141593		573		184		550		1690		1783		742		271		562
0.06		3.316126		553		198		634		1803		1575		677		282		564
0.06		3.490659		548		230		702		1880		1324		629		284		585
0.06		3.665191		571		310		805		1912		1122		611		259		599
0.06		3.839724		593		417		985		1878		996		616		243		587
0.06		4.014257		609		507		1208		1792		925		633		249		567.5
0.06		4.18879		652		600		1412		1652		845		634		269		565
0.06		4.363323		741		758		1559		1471		754		620		285		587
0.06		4.537856		851		1002		1628		1254		698		608		263		632
0.06		4.712389		955		1260		1634		1019		686		623		243		675
0.06		4.886922		1082		1458		1616		861		653		636		271		762
0.06		5.061455		1306		1544		1555		813		640		617		297		887
0.06		5.235988		1594		1570		1409		762		656		609		303		987
0.06		5.410521		1852		1561		1196		663		672		622		356		1088
0.06		5.585054		2015		1509		970		586.5		670		642		465		1283.5
0.06		5.759587		2106		1424		787		549		656		678		583		1544
0.06		5.93412		2121		1274		683		549		638		734		698		1810
0.06		6.108652		2079		1061		618		572		645		814		848		2012
0.07		0		1892		666		509		557		672		888		894		1936
0.07		0.1745329		1737		523		446		533		658		976		1150		1961
0.07		0.3490659		1485		418		411		551		641		1030		1428		1939
0.07		0.5235988		1271		352		369		569		670		1128		1614		1886
0.07		0.6981317		1088		302.5		352		542		716		1315.5		1734		1726
0.07		0.8726646		944		240		369		532		761		1525		1834		1514
0.07		1.047198		860		171		379		559		840		1690		1893		1301
0.07		1.221730		828		156		352		565		945		1797		1846		1099
0.07		1.396263		728		179		357		537.5		1002		1860		1724		913
0.07		1.570796		618		164.5		376		557		1067		1828		1573		833
0.07		1.745329		592		144		362		607		1241		1726		1326		784
0.07		1.919862		592		169		353		634		1458		1606		1102		674
0.07		2.094395		558		172		371		707		1642		1421		972		602
0.07		2.268928		550		148		374		804		1780		1202		863		601
0.07		2.443461		580		146		358		870		1885		1015		693		596
0.07		2.617994		582		171.5		368		937		1911		916.5		528		570
0.07		2.792527		549		170		411		1091		1850		853.5		417		567
0.07		2.96706		554		143		455.5		1321		1758		777		324.5		599
0.07		3.141593		586		159		513		1514		1619		714		259		587
0.07		3.316126		575		197		593.5		1640		1413		677		257.5		562
0.07		3.490659		549		231.5		672		1726		1186		642.5		283		567
0.07		3.665191		549		290.5		738		1769		1028		619.5		284		586
0.07		3.839724		568		373		846		1754		948		609		266		599
0.07		4.014257		604		453		1006		1668		910		612		245		594
0.07		4.18879		657		537		1191		1494.5		847		628		244		571.5
0.07		4.363323		726		651		1357		1280		748		634		270		569
0.07		4.537856		809		808		1458		1095		681		616		283.5		613
0.07		4.712389		895.5		1018		1484		954		668		608		262		676
0.07		4.886922		1007		1232		1445		856		675		616		244		756
0.07		5.061455		1161		1386		1356		787		670		630		257		843
0.07		5.235988		1378		1464		1205		707		656		637		297		921
0.07		5.410521		1599.5		1463		1028		631		645.5		637		369		997
0.07		5.585054		1779		1389		856		590		638		630		474		1142
0.07		5.759587		1904		1268		722		583		646		645		561		1358
0.07		5.93412		1983.5		1099		634		570		667.5		702		622		1594
0.07		6.108652		1989		907		582		549.5		671		798		712		1786
0.08		0		1685		595		517		534		649		872		786		1673
0.08		0.1745329		1510		474		455		544		637		938		968		1751
0.08		0.3490659		1309		401.5		408		555		640		985.5		1168		1750
0.08		0.5235988		1129		342		380		567		655		1046		1356		1688
0.08		0.6981317		999		269		368		570		690		1154		1501		1551
0.08		0.8726646		933		208		357		564		760		1303		1577		1357
0.08		1.047198		880		182		350		549		842		1459		1591		1153
0.08		1.221730		803		181		353		536		918		1588		1555		979
0.08		1.396263		704		179		364		536		967		1643		1453		870
0.08		1.570796		612		171		379		549.5		1018		1627		1314		804.5
0.08		1.745329		569		158		377		581		1110		1540		1156		745
0.08		1.919862		554.5		151		375		638		1256		1396		1013		675
0.08		2.094395		558		141		367		721		1426		1224		892		632
0.08		2.268928		566.5		141		364		794		1580		1063		775		607
0.08		2.443461		579		144		360		847		1684		944.5		639		598
0.08		2.617994		586		154		359		899		1722		875		482		586
0.08		2.792527		585		167		380		987		1684		836		364		574
0.08		2.96706		570		177		437		1126		1577		786		304		562
0.08		3.141593		555		178		516		1289		1414		721		290		562
0.08		3.316126		544		181		590		1444.5		1230		662		287		572.5
0.08		3.490659		546		208		646		1543		1082		631		284		578
0.08		3.665191		548		276		697		1581		977		623		283		578
0.08		3.839724		552		365		774		1549		915		623		283		577
0.08		4.014257		566		437		886		1454		864		621		283		580
0.08		4.18879		609.5		488		1017		1316		801.5		615		279		591
0.08		4.363323		702		548		1141		1154		739		608		267		606
0.08		4.537856		807		658		1231		1008		697		607		254		622
0.08		4.712389		894		822		1269		902		685		612		245		655
0.08		4.886922		956		1006		1238		831		675		622		244		719
0.08		5.061455		1039		1171		1156		763		661.5		635		264		800
0.08		5.235988		1170		1260		1035		696		649		635		297		886
0.08		5.410521		1350		1271		898		632		639		628		360		963
0.08		5.585054		1533		1202		776		598		638		624		438		1059
0.08		5.759587		1683		1079		678		583		651		638		520		1197
0.08		5.93412		1779		917.5		617		567		672		685.5		584		1361
0.08		6.108652		1779		748		568		544		670		777		654		1528.5
0.09		0		1447		522		510		541		640		835		727		1437
0.09		0.1745329		1306		428.5		442		564		640		896		832		1532
0.09		0.3490659		1176		376		387		569		662		949		946		1542
0.09		0.5235988		1063		344		363		544		682		1016		1083		1452
0.09		0.6981317		950		285		372		532		679		1092		1236		1311
0.09		0.8726646		876		203		376		557		717		1167		1333		1181
0.09		1.047198		838		162		361		569		804		1266		1344		1055
0.09		1.221730		786		159		353		560		898		1365		1293		940
0.09		1.396263		702		174		353		543		956		1429		1209		850
0.09		1.570796		626		178		360		542		996		1423		1109		786
0.09		1.745329		574		171		373		564		1042		1356		1022		721
0.09		1.919862		555		156		378		618		1131		1236		930		663
0.09		2.094395		557		143		374		698		1251		1101		833.5		629
0.09		2.268928		573		142		358.5		770		1381		987		717.5		608
0.09		2.443461		588		151		352		815		1477		913		589		591
0.09		2.617994		587		162		358		854		1509		866		459		577
0.09		2.792527		587		166		377		915		1482		824		354		576
0.09		2.96706		584		170		414		1003		1398		772		290		569
0.09		3.141593		584		175		469		1120		1279		712		262		569
0.09		3.316126		582		187		539		1238.5		1152		668		252		567
0.09		3.490659		580		217		600		1327		1051		647		251		564
0.09		3.665191		578		273		653		1367		975.5		639		252		561
0.09		3.839724		579		348		698		1345		925		636		253		560
0.09		4.014257		587		426		768		1264		871		634		255		561
0.09		4.18879		613		485		860		1148		805		635		260		562
0.09		4.363323		677		536		967		1020		731		633		270		567
0.09		4.537856		754		592		1057		925		676		626		282		588
0.09		4.712389		830		686		1094		869		652		616		283		637
0.09		4.886922		890		808		1074		830		647		611		278		710
0.09		5.061455		959		931		1001		781		649		607		277		805
0.09		5.235988		1060		1017		895		715		657		609		280		892
0.09		5.410521		1206.5		1041		782		643		664		612		316		962
0.09		5.585054		1361.5		1002		698		590		672		625		377		1010
0.09		5.759587		1491		906		641		562		672		647		471		1087.5
0.09		5.93412		1561		775		604		547		667.5		691		553		1190
0.09		6.108652		1550		642		559		537		660		762		627		1318
0.1		0		1270		475		491		543.5		637		819		698		1287.5
0.1		0.1745329		1157		404		433		562		639		884		775		1362
0.1		0.3490659		1072		358		384		570		660		933		850		1365
0.1		0.5235988		1006		318		359		550		682		989.5		943		1290
0.1		0.6981317		930		272		363		532		687		1052		1051		1167
0.1		0.8726646		855		211		381		540		712		1110		1143		1057
0.1		1.047198		797		169		380		558		775		1170		1164		976
0.1		1.221730		739		149		364		571		864		1228		1128		912
0.1		1.396263		685		150		351		567		940		1263		1056		853
0.1		1.570796		629.5		171		352		549		990		1266		977		772
0.1		1.745329		576		174		375		559		1017		1216		928		699
0.1		1.919862		554		153		378		620		1073		1114		863		656
0.1		2.094395		574		142		357.5		689		1169		1016		758.5		626
0.1		2.268928		585		166.5		350		733		1266		954.5		650		582
0.1		2.443461		548		167.5		381		785		1303		900.5		579		572
0.1		2.617994		557		141		380		861		1335		837		449		600
0.1		2.792527		586		154		374		897		1331		799		334		584
0.1		2.96706		570		178		417		943		1251		758		292.5		562
0.1		3.141593		544		168		489		1034		1140		694		294		570
0.1		3.316126		550.5		160		552		1149		1052.5		640		276		598
0.1		3.490659		584		188		592		1215		1008		621		246		592
0.1		3.665191		585		262		632		1225		956		631		243		570
0.1		3.839724		566		343		687		1192		893		635		265		560
0.1		4.014257		563		395		752		1140.5		828		617		282		581
0.1		4.18879		629		445		796.5		1060		790		611		246.5		596
0.1		4.363323		696		522		865		943		730		635		249		568
0.1		4.537856		747		557		939		888		669		622		282		596
0.1		4.712389		849		617		944		855		672		609		249		650
0.1		4.886922		907		738		931		778		665		636		256		676.5
0.1		5.061455		930		816		891		735		640		624		292		773
0.1		5.235988		1014		862		798		690		655		609		281		881
0.1		5.410521		1128		895		721		609		671		630		304		923
0.1		5.585054		1214		858		683		563		646		642		399		967
0.1		5.759587		1295		750		651		572		638		638		491		1049
0.1		5.93412		1384		638		584		566		671		673.5		539		1136
0.1		6.108652		1372		565		538		536		660		752		609		1200
0.11		0		1154		432		474		571		645		780		656		1197.5
0.11		0.1745329		1112		400		404		556		672		858		686		1225
0.11		0.3490659		1017		379		389		533		655		935		775		1197
0.11		0.5235988		942		296		380		569		652		956		861		1181
0.11		0.6981317		924		238.5		358		560		698		999.5		907		1100
0.11		0.8726646		864		217		361		532		721		1060		965		989
0.11		1.047198		778		173		377		550.5		760		1094		1016		928
0.11		1.221730		740		150		356		568		853		1124		982		890
0.11		1.396263		664		178		360		537		914		1172		946		806
0.11		1.570796		592		155		381		563		943		1144		930		771.5
0.11		1.745329		602		148.5		350		585		1014		1094.5		842		715
0.11		1.919862		573		176		361		589		1043		1055		788		627
0.11		2.094395		551		149		374		671		1082		970		733		617
0.11		2.268928		587		154		353		729		1166		919		609		594
0.11		2.443461		563		176		368		765		1195		889		521		565
0.11		2.617994		547		149		382		835		1199		829		439		590
0.11		2.792527		582		147		373		881.5		1206		779		325		592.5
0.11		2.96706		572		178		411		898		1153		748		289		562
0.11		3.141593		545		164		480		969		1066		683		292		576.5
0.11		3.316126		566		156		519		1047		1020		636		263		598
0.11		3.490659		587		198		566		1081		984		631		243		575
0.11		3.665191		567		256		626		1088		927		638		263		560
0.11		3.839724		552		302		680		1084		868		621		282		577.5
0.11		4.014257		583		356		700		1058		833		609		256		599
0.11		4.18879		624		446		732		970		785		630		246		569
0.11		4.363323		642		481		799		916		703		622		282		582
0.11		4.537856		760		517		816		875		699		617		240		602
0.11		4.712389		794		571		864		821		650		625		283		614
0.11		4.886922		894		621		827		789		675		615		244		682
0.11		5.061455		905		695.5		813		719		641		627.5		290		736
0.11		5.235988		984		724		741		678		668		613		267.5		845
0.11		5.410521		1021		760		715		599		643		635		330		884
0.11		5.585054		1116		701		655		592		666		619		358		971
0.11		5.759587		1171		665		629		547		645		654		458		986
0.11		5.93412		1213		557		579		575		654		659		527		1071
0.11		6.108652		1226		520		526		537		662		735		583		1098
0.12		0		1104		430		444		556		672		770		604		1103
0.12		0.1745329		1017		398		425		546		638		842		691		1115
0.12		0.3490659		996		338		376		565		674		888		707		1132
0.12		0.5235988		929		313		378		533		658		956		780		1065
0.12		0.6981317		885		224		366		570		677		967		831		1042
0.12		0.8726646		849		215		360		533		714		1024		861		946
0.12		1.047198		764		163		374		565.5		745		1033		908		917
0.12		1.221730		732		175		357		541.5		836		1076		875		848
0.12		1.396263		633		152		376		564		872		1075		892.5		819
0.12		1.570796		626		170		351		549.5		950		1078		828		749.5
0.12		1.745329		564		152		376		578		961		1035		822.5		700
0.12		1.919862		592		170		351.5		589		1023		1003		730		633
0.12		2.094395		551		154		381		645		1031		944		697		607
0.12		2.268928		588		160		351		700		1098		905		574		589
0.12		2.443461		547		162		379		753		1098		868		519		578
0.12		2.617994		586		148		359		815		1141		818		393		592
0.12		2.792527		552		171		394		831		1104		789		351		565
0.12		2.96706		567		143		402		898		1083		715		289		598
0.12		3.141593		570		180		442		905		1043		693		269		561
0.12		3.316126		548.5		156		508		979		983		639		279		594
0.12		3.490659		586		196		545		997		971		636		243		572
0.12		3.665191		546		226		621		1015		900		625		282		575
0.12		3.839724		590		280		632		1016		887		621		241		583
0.12		4.014257		559		352		689		972		803		624		283		571
0.12		4.18879		622		406		695		939		778		617		241		586
0.12		4.363323		630		466		755		882		698		628		283		576
0.12		4.537856		740		488		759		860		697		614		243		605.5
0.12		4.712389		780		546		791		799		654		632		279		604
0.12		4.886922		867		561		768		782		669		610.5		252		678
0.12		5.061455		899		631		753		698		652		637		271		709
0.12		5.235988		939		631		721		672		653		609		283		823
0.12		5.410521		998		670		676		591		660		637		301		856.5
0.12		5.585054		1028		614		649		594		646		616		364		947
0.12		5.759587		1105		595		599		550		666		649		407		961
0.12		5.93412		1103		524		582		559		638		663		520		1014
0.12		6.108652		1139		472		506		558		671		705		546		1062
0.13		0		1021		410		464		570		641		742		612		1060
0.13		0.1745329		1018		390		401		547		672		819		625		1064
0.13		0.3490659		939		337		398		551		640		870		707		1059
0.13		0.5235988		935		286		359		554		678		916		709		1038
0.13		0.6981317		857		243		381		539		660		963		790		975
0.13		0.8726646		834.5		182		361		567		706.5		973		794		956
0.13		1.047198		764		191		371		534		741		1022		826		873
0.13		1.221730		702		150		365		571		800		1015		833		863
0.13		1.396263		651		178		361		536		866		1048		814		782
0.13		1.570796		595		146		372		577		905		1018		813		765
0.13		1.745329		602		163		354		564		972		1005		745		684
0.13		1.919862		554		159		379		587		975		969		731		632
0.13		2.094395		578.5		143		356		646		1024		918		636		620
0.13		2.268928		573		176		360.5		666		1049		906		560		572
0.13		2.443461		547		153		382		744		1052		851		498		588
0.13		2.617994		578		144		365		803		1085		805		386		596
0.13		2.792527		571		177		374		813		1072		782		325		563
0.13		2.96706		545		154		412		864		1028		716		312		581
0.13		3.141593		572		146		430		912		1015		664		265		598
0.13		3.316126		586		178		475		921		989		651		248		573
0.13		3.490659		559		202.5		542		937		934		644		267		561
0.13		3.665191		547		209		597		971		885		618		281		585
0.13		3.839724		582		254		616		975		866		613		248		594
0.13		4.014257		581		346		658		923		808		636		260		561
0.13		4.18879		579		387		702		904		738		621		283		580
0.13		4.363323		653		427		702		884.5		720		611		247		600
0.13		4.537856		701		494		729		821		680		635		260		574
0.13		4.712389		752		502		755		805		651		615		282		618
0.13		4.886922		852		532		731		762		676		616		242		654
0.13		5.061455		879		585		728		688		654		635		273		689
0.13		5.235988		912		575		701		667		648		609		286		795
0.13		5.410521		976.5		610		657		591		666		636		286		832
0.13		5.585054		981		571		647		583		639		622		360.5		907
0.13		5.759587		1058		544		589		561		672		637		383		950.5
0.13		5.93412		1043		504		571		553		638		659		494		978
0.13		6.108652		1080		454		493		561.5		672		690		521		1026
0.14		0		985		400		460		566		642		725		589		1024
0.14		0.1745329		992		379		394		544		671		798		603		1021
0.14		0.3490659		919		324		396		556		641		845		680		1024
0.14		0.5235988		919		285		360		543		677		903		678		993
0.14		0.6981317		840		225		384		554		657		932		751		963
0.14		0.8726646		828		200		352		545		710		970		741		914
0.14		1.047198		734		172		377		549		716		985		797		874
0.14		1.221730		714		157.5		351		562		800		994		767		842
0.14		1.396263		624		168		380		543.5		827		1012		798		777.5
0.14		1.570796		614		147		358		573.5		902		986		750		751.5
0.14		1.745329		581		176		365		550		936		990		728		665
0.14		1.919862		563		143		369		604		963		937		687		651
0.14		2.094395		590		163		351		616		1012		917		595		600
0.14		2.268928		549		161		382		665		1004		883		558		586
0.14		2.443461		572		143		362		739		1037		832		454		603
0.14		2.617994		572		177		365		754		1045		818		379		565
0.14		2.792527		546		150.5		390		816		1019		756		348		588
0.14		2.96706		586		158		383		847		1031		711		274		584
0.14		3.141593		562		181		429		856		989		687		278		562
0.14		3.316126		548		156		478		909		947		637		282		591.5
0.14		3.490659		586		177		502		925		944		629		244		582
0.14		3.665191		562		225		565		917		887		640		264		560
0.14		3.839724		550		244		622		934		832		618		281		585
0.14		4.014257		587		292		633		927.5		806		610		247		596
0.14		4.18879		612		370		653		884		766		626		241		574
0.14		4.363323		623		434		690		843		703.5		635		265		565
0.14		4.537856		671		442		714		843		672		611		271		610
0.14		4.712389		768		493		707		785		682		624		241		602
0.14		4.886922		790		517		729		739		644		623		285		632
0.14		5.061455		867		520		696		711		663		608		258		707
0.14		5.235988		923		561		668		635		671		630		257		744.5
0.14		5.410521		929		567		665		589		645		634		310.5		804
0.14		5.585054		954		531		633		589		642		617		347		890
0.14		5.759587		1022		511		571		567		672		631		365		932
0.14		5.93412		1029		500		540		541		659		667		443		943
0.14		6.108652		1004.5		455		510		546		639.5		692		536		979
0.15		0		964		369		423.5		571		653		733		576.5		1016
0.15		0.1745329		960		347		380		549		673		803		602		1001
0.15		0.3490659		900		314		387		535		648		861.5		664		974
0.15		0.5235988		862		235		375		570		659		885		696		981
0.15		0.6981317		844		220		354		541		691		939		699		923
0.15		0.8726646		755		186		379		546		685		960.5		758		884
0.15		1.047198		725		155		358		568.5		746		963		743		866
0.15		1.221730		669		182		366		535		794		998		750		789
0.15		1.396263		605		151		376.5		564		832		976		760.5		768
0.15		1.570796		612		151		350		568		911		966		702		716
0.15		1.745329		582		177		361.5		553		938		964		675.5		640
0.15		1.919862		554		157		380		593		952		922		645		618
0.15		2.094395		577		143		359		644		995		880		551		613
0.15		2.268928		577		177		358		662		1015		870		475		570
0.15		2.443461		549		147		377		737		1005		812.5		432		592
0.15		2.617994		586		164		359		770		1035		780		333		576
0.15		2.792527		545		153		398		817		996		729		327		585
0.15		2.96706		586		164		390		844		1005		693		263		576
0.15		3.141593		545		159		447		872		951		653		289		581
0.15		3.316126		587		169		464		897		950		636		245		582
0.15		3.490659		559		205		531		891		895		641		269		560
0.15		3.665191		549		210		584		921		843.5		617		279		589
0.15		3.839724		583		250		599		919		823		612		249		595
0.15		4.014257		596		335		627		875		777		635		245		566
0.15		4.18879		583		381		676		852		708		630		283		570
0.15		4.363323		633		403		689		849		685		608		268		605
0.15		4.537856		717		457		683		796		688		621		241		591
0.15		4.712389		751		499		704.5		741		655		634		271.5		597
0.15		4.886922		801.5		492		701		730		649		610		275		668
0.15		5.061455		884		519		667		669		673		618		249		709
0.15		5.235988		909		550		658		603		659		636		277		745
0.15		5.410521		919		524		641		591		639		620		324		829
0.15		5.585054		984		503		584		579		672		621		323		892
0.15		5.759587		994		503		556		543		657		654		396		907
0.15		5.93412		981		452		531		561		638		656		480		958
0.15		6.108652		1011		414		458		562.5		672		689		501		991.5
0.16		0		934		379		436		551		638		731		571		972
0.16		0.1745329		939		323		389		567		668		771		586		998
0.16		0.3490659		906		310		373		532		666		843		623		957
0.16		0.5235988		837		250		383		545		648		880		687		941
0.16		0.6981317		805		194		368		570		670		899		697		934
0.16		0.8726646		781		185		355		551		712		939		693		881
0.16		1.047198		706		187		369		533		726		971		723		821
0.16		1.221730		639		157		377		558		763		963		743		799
0.16		1.396263		634		151		354		569		843		958		700		760
0.16		1.570796		597.5		177		360		542		881.5		969		679		680
0.16		1.745329		560		157		381		572		904		935		669		650
0.16		1.919862		583		145		354		605		959		897		582		631
0.16		2.094395		573		176		361		606		979		892		525		578
0.16		2.268928		548		150		377		674		978		837.5		482		595
0.16		2.443461		586		154		355		719.5		1016		802		379		588.5
0.16		2.617994		559		176		378		742		997		779		350		563
0.16		2.792527		550		145		389		813		980		713		317		595
0.16		2.96706		586		161		384		831		990		685		263		580
0.16		3.141593		549		177		439		843		939		664		286		565
0.16		3.316126		562		154		471		892		917		625		268		598
0.16		3.490659		588		188		497		888		902		629		244		576
0.16		3.665191		563		229		556		878		842		638		269		561
0.16		3.839724		556		239		599.5		898		790		614		276		592
0.16		4.014257		601		296		610		877		775		617		241		584
0.16		4.18879		588		366		656		833		711		633		272		564
0.16		4.363323		629.5		381		666		837		689		608		262		605
0.16		4.537856		691		454		671.5		771		679		635		252.5		577
0.16		4.712389		720		455		693		757		651		613		280		621
0.16		4.886922		815		489		670		703		676		621		244		642
0.16		5.061455		829		516		678		644		646		631		288		671
0.16		5.235988		886		497		639		633		659		610		274		763
0.16		5.410521		930		526		607		571		664		638		285		787
0.16		5.585054		928		490		597		575		639		624		352		862
0.16		5.759587		985		467		536		567		673		633		360		905
0.16		5.93412		970		459		508		541		649		669		446		917
0.16		6.108652		956		398.5		468		573		645		675.5		509		975
0.17		0		938		380		418		536		656		732		527		940
0.17		0.1745329		890		316		403		558		640		759		593.5		965
0.17		0.3490659		895		272		366		563		676		805		596		964
0.17		0.5235988		834		256		375		534		658		867		648		915
0.17		0.6981317		785		190		375		571		667		879		678		918
0.17		0.8726646		765		190		352.5		545		707		925		667		858
0.17		1.047198		680		179		378		542		709		946		715		812
0.17		1.221730		645		150		366		572		761		937		702		800
0.17		1.396263		635		160		353		557		828		947		666		740.5
0.17		1.570796		595		177		365		543		859		953		656		674
0.17		1.745329		561		163		378		563		884		925		640		641
0.17		1.919862		566		144		367		603		925		885		576		635
0.17		2.094395		590		158		350		616		972		865		492		601
0.17		2.268928		572		177		366		634		976		849		446		571
0.17		2.443461		547		163		382		690		969		801		411		578
0.17		2.617994		566		143		366		756		984		748		338		600
0.17		2.792527		582		176		369		768		990		730		291		569
0.17		2.96706		545		162		408		806		947		684.5		302		575
0.17		3.141593		575		148		414		854		945.5		643		260		596
0.17		3.316126		575		188		445		845		918		652		257		563
0.17		3.490659		546		179		505		871		860		627		283		577
0.17		3.665191		584		192		522		890		849.5		615		246		592
0.17		3.839724		580		257		568		858		800		637		252		561
0.17		4.014257		562		293		617		846		740		629		282		566
0.17		4.18879		575		325		641		841		700		616.5		283		588
0.17		4.363323		622		361		647.5		825		689		608		259		604
0.17		4.537856		689		415		651		776		688		618		241		595
0.17		4.712389		726		466		667		718		666.5		636		257		588
0.17		4.886922		756		474		676		687		644		624		286		628
0.17		5.061455		824		474		647.5		667		658		609		264.5		694
0.17		5.235988		886		502		616		607		673		626		256		722
0.17		5.410521		887		507		615		572		644		634		310		766
0.17		5.585054		917		465		576		587		648		616		332		852
0.17		5.759587		967		458.5		520		561		673		636		348		881
0.17		5.93412		952		448		495		540		649		667		428		896
0.17		6.108652		935		390		465		568		642		671		492		952
0.18		0		922		371		414		537		657		722		506		920
0.18		0.1745329		877		304		399		571		644		739		565		961
0.18		0.3490659		882		279		369		547		675		795		571		935
0.18		0.5235988		806		244		387		543		647		840		641		908
0.18		0.6981317		784.5		189		363		571		673		859		642		907
0.18		0.8726646		748		200		360		533		695		913		654		836.5
0.18		1.047198		672		168		379		553		699		919		692		814
0.18		1.221730		658		150		361.5		571		759		921		663.5		791
0.18		1.396263		626		178		355		540		805		947		646		717
0.18		1.570796		574		164		378		551		824		932		655		679
0.18		1.745329		580		144		361.5		584		879		898		595.5		664
0.18		1.919862		591		167		354		572		928		892		530		607
0.18		2.094395		553		169		381		594		927		865.5		512		585
0.18		2.268928		562		143		368		659		953		812		442.5		607
0.18		2.443461		587		165		353		679		983		792		364		580
0.18		2.617994		553		173		381		709.5		962		762		352		567
0.18		2.792527		562		142		381		780		960		701		305.5		598
0.18		2.96706		585		167		377		790		964		684		263		573
0.18		3.141593		545.5		170		425		816		910.5		660		291		570
0.18		3.316126		568		152		438		862		899		625		259		598
0.18		3.490659		586		188		470		852		878		635		243		570
0.18		3.665191		561		216		528		850		820		637		270		560
0.18		3.839724		552		226		569		863		770		618		281.5		583
0.18		4.014257		576.5		257		586		862		746		610		261		599
0.18		4.18879		611		308		603		835		729		614		243		594
0.18		4.363323		639		367		626		791.5		704		626		241		579
0.18		4.537856		662		418		649		746		672		635		261		574
0.18		4.712389		689		432		666		723		649		622		284		602
0.18		4.886922		752		441		652		701		654		609		268		648
0.18		5.061455		827		468		627		649		674		617		248		672
0.18		5.235988		863		498		612		596		667		635.5		262		699
0.18		5.410521		878		497		595		568		650.5		639		297		746
0.18		5.585054		898		481		571		558		644		637		336		800.5
0.18		5.759587		912		450		537		557		639		636		377		852
0.18		5.93412		921		418		504		561		639		645		424		894
0.18		6.108652		918		385		464		559.5		639		668		477		923.5
0.19		0		888		330		421		573		646		687		496		935.5
0.19		0.1745329		881		292		391		572		661		724		527		945
0.19		0.3490659		865		259		367.5		565		675		769		550.5		934
0.19		0.5235988		831		234		359		552		679		816		579		904.5
0.19		0.6981317		787		216		357		540		684		862		607		866
0.19		0.8726646		732		199		366		534		687		896		636		824
0.19		1.047198		679		188		371		534		704		917		654		786
0.19		1.221730		626		170		377		543		729		922		668		752
0.19		1.396263		596		153.5		376		564		768		912.5		653		731
0.19		1.570796		589		145		366		577		821.5		901		613		699
0.19		1.745329		600		151		355		575		879		888		559		654
0.19		1.919862		590.5		169		353		568		909.5		881		512		605
0.19		2.094395		563		175		370.5		583		916		858		485.5		582
0.19		2.268928		552		150		377		642		927.5		806		442		599
0.19		2.443461		575.5		143		364		686		958.5		767		367		602
0.19		2.617994		587		164		359		705		971		747		313		577
0.19		2.792527		571		178		374		730		953		723		299		564
0.19		2.96706		546		168		401		770		923		682		301		570
0.19		3.141593		551		151		417		822		901		644		284		595
0.19		3.316126		578		155		430.5		845		893		627		254		596
0.19		3.490659		588		182		455		841		870		632		243		575
0.19		3.665191		578		213		497		836		824		638		252.5		562
0.19		3.839724		570		240		538		831		779		637		262		561
0.19		4.014257		568		275		579		816.5		737		634		272		562
0.19		4.18879		572		310		613		801.5		698		629		283		570
0.19		4.363323		593		340		630		783		673		621		284		585
0.19		4.537856		632.5		367		639		768		662		611		276		609
0.19		4.712389		688		397		638		732		662		609		264		621
0.19		4.886922		746		422		632		693		667		609		253		638
0.19		5.061455		802		444		616		653		673		613		252		668
0.19		5.235988		845		458		591		616		674		616		253		703
0.19		5.410521		880		468		564		582		674		627		268		742
0.19		5.585054		899		471		542.5		554		663		641		301		774
0.19		5.759587		904		451		522		545.5		649		646		354		817
0.19		5.93412		901		405		491		559		639		644		409		871
0.19		6.108652		911		364		445		573		654		656		440		917
0.2		0		896		318.5		394		560		673		690		452		905
0.2		0.1745329		868		305		378		537		668.5		741		498		890
0.2		0.3490659		813		268		385		536		648		778		559		882
0.2		0.5235988		768		218		386		555		646		799		600		882
0.2		0.6981317		745		182		373		570		665		825		605		871
0.2		0.8726646		724		169		357		565		697		856		603.5		835
0.2		1.047198		690		171		353		550		723		883		603		784
0.2		1.221730		643		182		360		535		743		909		609		728
0.2		1.396263		593		172		381.5		543		761		907		621		694
0.2		1.570796		576		149		377		576		800.5		883		591		685
0.2		1.745329		595.5		149		353		579		860.5		868		528		649
0.2		1.919862		590		170.5		352		568		893		862.5		481		601
0.2		2.094395		564		176		370		582		901		840		457		578
0.2		2.268928		550		162		384		623		910		799		422		583
0.2		2.443461		553.5		145		377		679		923.5		753		373		602
0.2		2.617994		574		143		364		716		942		718		314		600
0.2		2.792527		586		163		363		732		946		700		277		577.5
0.2		2.96706		569		179		387		750		920		684		274		561
0.2		3.141593		549		176		421		780		883		659		288		564.5
0.2		3.316126		545		164		446		816		850		633		286		581
0.2		3.490659		559		161		464		844		830		617		269		598
0.2		3.665191		571		179		493		849		800		613		258		598
0.2		3.839724		578.5		205		525		843		769		612		254		598
0.2		4.014257		585		239		551.5		829		737		611		252.5		599
0.2		4.18879		596		276		574		808		709		610		253		600
0.2		4.363323		619		315		593		779		689		609		250		602
0.2		4.537856		656		353		607		745.5		679		611		248		607
0.2		4.712389		706		386.5		611		708		680		614		246		615
0.2		4.886922		750		413		602		668		677		616		245		630
0.2		5.061455		793		435		590		633		675		620		248		657
0.2		5.235988		831		441		572		606		675		619		255		698
0.2		5.410521		864		435		549		587		673		618		268		745
0.2		5.585054		892		428		517		574		673		623		290		787
0.2		5.759587		910		418		484		560		673		636		323		820
0.2		5.93412		909		408		460		541		663		660		372		835
0.2		6.108652		875		363		449		550		640		669		446		871
